115.9084561 39.60025646 114.7227854
115.9084561 39.64288938 114.7917765
115.9084561 39.68552229 114.8606908
115.9084561 39.72815521 114.9295286
115.9084561 39.77078813 114.9982899
115.9084561 39.81342104 115.0669748
115.9084561 39.85605396 115.1355836
115.9084561 39.89868688 115.2041163
115.9084561 39.94131979 115.272573
115.9084561 39.98395271 115.3409539
115.9084561 40.02658563 115.4092592
115.9084561 40.06921854 115.4774888
115.9084561 40.11185146 115.545643
115.9084561 40.15448438 115.6137219
115.9084561 40.19711729 115.6817256
115.9084561 40.23975021 115.7496542
115.9084561 40.28238313 115.8175078
115.9084561 40.32501604 115.8852867
115.9084561 40.36764896 115.9529908
115.9084561 40.41028188 116.0206204
115.9084561 40.45291479 116.0881755
115.9084561 40.49554771 116.1556563
115.9084561 40.53818063 116.2230628
115.9084561 40.58081354 116.2903953
115.9396484 39.60025646 114.7227854
115.9396484 39.64288938 114.7917765
115.9396484 39.68552229 114.8606908
115.9396484 39.72815521 114.9295286
115.9396484 39.77078813 114.9982899
115.9396484 39.81342104 115.0669748
115.9396484 39.85605396 115.1355836
115.9396484 39.89868688 115.2041163
115.9396484 39.94131979 115.272573
115.9396484 39.98395271 115.3409539
115.9396484 40.02658563 115.4092592
115.9396484 40.06921854 115.4774888
115.9396484 40.11185146 115.545643
115.9396484 40.15448438 115.6137219
115.9396484 40.19711729 115.6817256
115.9396484 40.23975021 115.7496542
115.9396484 40.28238313 115.8175078
115.9396484 40.32501604 115.8852867
115.9396484 40.36764896 115.9529908
115.9396484 40.41028188 116.0206204
115.9396484 40.45291479 116.0881755
115.9396484 40.49554771 116.1556563
115.9396484 40.53818063 116.2230628
115.9396484 40.58081354 116.2903953
115.9708406 39.60025646 114.7227854
115.9708406 39.64288938 114.7917765
115.9708406 39.68552229 114.8606908
115.9708406 39.72815521 114.9295286
115.9708406 39.77078813 114.9982899
115.9708406 39.81342104 115.0669748
115.9708406 39.85605396 115.1355836
115.9708406 39.89868688 115.2041163
115.9708406 39.94131979 115.272573
115.9708406 39.98395271 115.3409539
115.9708406 40.02658563 115.4092592
115.9708406 40.06921854 115.4774888
115.9708406 40.11185146 115.545643
115.9708406 40.15448438 115.6137219
115.9708406 40.19711729 115.6817256
115.9708406 40.23975021 115.7496542
115.9708406 40.28238313 115.8175078
115.9708406 40.32501604 115.8852867
115.9708406 40.36764896 115.9529908
115.9708406 40.41028188 116.0206204
115.9708406 40.45291479 116.0881755
115.9708406 40.49554771 116.1556563
115.9708406 40.53818063 116.2230628
115.9708406 40.58081354 116.2903953
116.0020329 39.60025646 114.7227854
116.0020329 39.64288938 114.7917765
116.0020329 39.68552229 114.8606908
116.0020329 39.72815521 114.9295286
116.0020329 39.77078813 114.9982899
116.0020329 39.81342104 115.0669748
116.0020329 39.85605396 115.1355836
116.0020329 39.89868688 115.2041163
116.0020329 39.94131979 115.272573
116.0020329 39.98395271 115.3409539
116.0020329 40.02658563 115.4092592
116.0020329 40.06921854 115.4774888
116.0020329 40.11185146 115.545643
116.0020329 40.15448438 115.6137219
116.0020329 40.19711729 115.6817256
116.0020329 40.23975021 115.7496542
116.0020329 40.28238313 115.8175078
116.0020329 40.32501604 115.8852867
116.0020329 40.36764896 115.9529908
116.0020329 40.41028188 116.0206204
116.0020329 40.45291479 116.0881755
116.0020329 40.49554771 116.1556563
116.0020329 40.53818063 116.2230628
116.0020329 40.58081354 116.2903953
116.0332251 39.60025646 114.7227854
116.0332251 39.64288938 114.7917765
116.0332251 39.68552229 114.8606908
116.0332251 39.72815521 114.9295286
116.0332251 39.77078813 114.9982899
116.0332251 39.81342104 115.0669748
116.0332251 39.85605396 115.1355836
116.0332251 39.89868688 115.2041163
116.0332251 39.94131979 115.272573
116.0332251 39.98395271 115.3409539
116.0332251 40.02658563 115.4092592
116.0332251 40.06921854 115.4774888
116.0332251 40.11185146 115.545643
116.0332251 40.15448438 115.6137219
116.0332251 40.19711729 115.6817256
116.0332251 40.23975021 115.7496542
116.0332251 40.28238313 115.8175078
116.0332251 40.32501604 115.8852867
116.0332251 40.36764896 115.9529908
116.0332251 40.41028188 116.0206204
116.0332251 40.45291479 116.0881755
116.0332251 40.49554771 116.1556563
116.0332251 40.53818063 116.2230628
116.0332251 40.58081354 116.2903953
116.0644174 39.60025646 114.7227854
116.0644174 39.64288938 114.7917765
116.0644174 39.68552229 114.8606908
116.0644174 39.72815521 114.9295286
116.0644174 39.77078813 114.9982899
116.0644174 39.81342104 115.0669748
116.0644174 39.85605396 115.1355836
116.0644174 39.89868688 115.2041163
116.0644174 39.94131979 115.272573
116.0644174 39.98395271 115.3409539
116.0644174 40.02658563 115.4092592
116.0644174 40.06921854 115.4774888
116.0644174 40.11185146 115.545643
116.0644174 40.15448438 115.6137219
116.0644174 40.19711729 115.6817256
116.0644174 40.23975021 115.7496542
116.0644174 40.28238313 115.8175078
116.0644174 40.32501604 115.8852867
116.0644174 40.36764896 115.9529908
116.0644174 40.41028188 116.0206204
116.0644174 40.45291479 116.0881755
116.0644174 40.49554771 116.1556563
116.0644174 40.53818063 116.2230628
116.0644174 40.58081354 116.2903953
116.0956096 39.60025646 114.7227854
116.0956096 39.64288938 114.7917765
116.0956096 39.68552229 114.8606908
116.0956096 39.72815521 114.9295286
116.0956096 39.77078813 114.9982899
116.0956096 39.81342104 115.0669748
116.0956096 39.85605396 115.1355836
116.0956096 39.89868688 115.2041163
116.0956096 39.94131979 115.272573
116.0956096 39.98395271 115.3409539
116.0956096 40.02658563 115.4092592
116.0956096 40.06921854 115.4774888
116.0956096 40.11185146 115.545643
116.0956096 40.15448438 115.6137219
116.0956096 40.19711729 115.6817256
116.0956096 40.23975021 115.7496542
116.0956096 40.28238313 115.8175078
116.0956096 40.32501604 115.8852867
116.0956096 40.36764896 115.9529908
116.0956096 40.41028188 116.0206204
116.0956096 40.45291479 116.0881755
116.0956096 40.49554771 116.1556563
116.0956096 40.53818063 116.2230628
116.0956096 40.58081354 116.2903953
116.1268019 39.60025646 114.7227854
116.1268019 39.64288938 114.7917765
116.1268019 39.68552229 114.8606908
116.1268019 39.72815521 114.9295286
116.1268019 39.77078813 114.9982899
116.1268019 39.81342104 115.0669748
116.1268019 39.85605396 115.1355836
116.1268019 39.89868688 115.2041163
116.1268019 39.94131979 115.272573
116.1268019 39.98395271 115.3409539
116.1268019 40.02658563 115.4092592
116.1268019 40.06921854 115.4774888
116.1268019 40.11185146 115.545643
116.1268019 40.15448438 115.6137219
116.1268019 40.19711729 115.6817256
116.1268019 40.23975021 115.7496542
116.1268019 40.28238313 115.8175078
116.1268019 40.32501604 115.8852867
116.1268019 40.36764896 115.9529908
116.1268019 40.41028188 116.0206204
116.1268019 40.45291479 116.0881755
116.1268019 40.49554771 116.1556563
116.1268019 40.53818063 116.2230628
116.1268019 40.58081354 116.2903953
116.1579941 39.60025646 114.7227854
116.1579941 39.64288938 114.7917765
116.1579941 39.68552229 114.8606908
116.1579941 39.72815521 114.9295286
116.1579941 39.77078813 114.9982899
116.1579941 39.81342104 115.0669748
116.1579941 39.85605396 115.1355836
116.1579941 39.89868688 115.2041163
116.1579941 39.94131979 115.272573
116.1579941 39.98395271 115.3409539
116.1579941 40.02658563 115.4092592
116.1579941 40.06921854 115.4774888
116.1579941 40.11185146 115.545643
116.1579941 40.15448438 115.6137219
116.1579941 40.19711729 115.6817256
116.1579941 40.23975021 115.7496542
116.1579941 40.28238313 115.8175078
116.1579941 40.32501604 115.8852867
116.1579941 40.36764896 115.9529908
116.1579941 40.41028188 116.0206204
116.1579941 40.45291479 116.0881755
116.1579941 40.49554771 116.1556563
116.1579941 40.53818063 116.2230628
116.1579941 40.58081354 116.2903953
116.1891864 39.60025646 114.7227854
116.1891864 39.64288938 114.7917765
116.1891864 39.68552229 114.8606908
116.1891864 39.72815521 114.9295286
116.1891864 39.77078813 114.9982899
116.1891864 39.81342104 115.0669748
116.1891864 39.85605396 115.1355836
116.1891864 39.89868688 115.2041163
116.1891864 39.94131979 115.272573
116.1891864 39.98395271 115.3409539
116.1891864 40.02658563 115.4092592
116.1891864 40.06921854 115.4774888
116.1891864 40.11185146 115.545643
116.1891864 40.15448438 115.6137219
116.1891864 40.19711729 115.6817256
116.1891864 40.23975021 115.7496542
116.1891864 40.28238313 115.8175078
116.1891864 40.32501604 115.8852867
116.1891864 40.36764896 115.9529908
116.1891864 40.41028188 116.0206204
116.1891864 40.45291479 116.0881755
116.1891864 40.49554771 116.1556563
116.1891864 40.53818063 116.2230628
116.1891864 40.58081354 116.2903953
116.2203786 39.60025646 114.7227854
116.2203786 39.64288938 114.7917765
116.2203786 39.68552229 114.8606908
116.2203786 39.72815521 114.9295286
116.2203786 39.77078813 114.9982899
116.2203786 39.81342104 115.0669748
116.2203786 39.85605396 115.1355836
116.2203786 39.89868688 115.2041163
116.2203786 39.94131979 115.272573
116.2203786 39.98395271 115.3409539
116.2203786 40.02658563 115.4092592
116.2203786 40.06921854 115.4774888
116.2203786 40.11185146 115.545643
116.2203786 40.15448438 115.6137219
116.2203786 40.19711729 115.6817256
116.2203786 40.23975021 115.7496542
116.2203786 40.28238313 115.8175078
116.2203786 40.32501604 115.8852867
116.2203786 40.36764896 115.9529908
116.2203786 40.41028188 116.0206204
116.2203786 40.45291479 116.0881755
116.2203786 40.49554771 116.1556563
116.2203786 40.53818063 116.2230628
116.2203786 40.58081354 116.2903953
116.2515709 39.60025646 114.7227854
116.2515709 39.64288938 114.7917765
116.2515709 39.68552229 114.8606908
116.2515709 39.72815521 114.9295286
116.2515709 39.77078813 114.9982899
116.2515709 39.81342104 115.0669748
116.2515709 39.85605396 115.1355836
116.2515709 39.89868688 115.2041163
116.2515709 39.94131979 115.272573
116.2515709 39.98395271 115.3409539
116.2515709 40.02658563 115.4092592
116.2515709 40.06921854 115.4774888
116.2515709 40.11185146 115.545643
116.2515709 40.15448438 115.6137219
116.2515709 40.19711729 115.6817256
116.2515709 40.23975021 115.7496542
116.2515709 40.28238313 115.8175078
116.2515709 40.32501604 115.8852867
116.2515709 40.36764896 115.9529908
116.2515709 40.41028188 116.0206204
116.2515709 40.45291479 116.0881755
116.2515709 40.49554771 116.1556563
116.2515709 40.53818063 116.2230628
116.2515709 40.58081354 116.2903953
116.2827631 39.60025646 114.7227854
116.2827631 39.64288938 114.7917765
116.2827631 39.68552229 114.8606908
116.2827631 39.72815521 114.9295286
116.2827631 39.77078813 114.9982899
116.2827631 39.81342104 115.0669748
116.2827631 39.85605396 115.1355836
116.2827631 39.89868688 115.2041163
116.2827631 39.94131979 115.272573
116.2827631 39.98395271 115.3409539
116.2827631 40.02658563 115.4092592
116.2827631 40.06921854 115.4774888
116.2827631 40.11185146 115.545643
116.2827631 40.15448438 115.6137219
116.2827631 40.19711729 115.6817256
116.2827631 40.23975021 115.7496542
116.2827631 40.28238313 115.8175078
116.2827631 40.32501604 115.8852867
116.2827631 40.36764896 115.9529908
116.2827631 40.41028188 116.0206204
116.2827631 40.45291479 116.0881755
116.2827631 40.49554771 116.1556563
116.2827631 40.53818063 116.2230628
116.2827631 40.58081354 116.2903953
116.3139554 39.60025646 114.7227854
116.3139554 39.64288938 114.7917765
116.3139554 39.68552229 114.8606908
116.3139554 39.72815521 114.9295286
116.3139554 39.77078813 114.9982899
116.3139554 39.81342104 115.0669748
116.3139554 39.85605396 115.1355836
116.3139554 39.89868688 115.2041163
116.3139554 39.94131979 115.272573
116.3139554 39.98395271 115.3409539
116.3139554 40.02658563 115.4092592
116.3139554 40.06921854 115.4774888
116.3139554 40.11185146 115.545643
116.3139554 40.15448438 115.6137219
116.3139554 40.19711729 115.6817256
116.3139554 40.23975021 115.7496542
116.3139554 40.28238313 115.8175078
116.3139554 40.32501604 115.8852867
116.3139554 40.36764896 115.9529908
116.3139554 40.41028188 116.0206204
116.3139554 40.45291479 116.0881755
116.3139554 40.49554771 116.1556563
116.3139554 40.53818063 116.2230628
116.3139554 40.58081354 116.2903953
116.3451476 39.60025646 114.7227854
116.3451476 39.64288938 114.7917765
116.3451476 39.68552229 114.8606908
116.3451476 39.72815521 114.9295286
116.3451476 39.77078813 114.9982899
116.3451476 39.81342104 115.0669748
116.3451476 39.85605396 115.1355836
116.3451476 39.89868688 115.2041163
116.3451476 39.94131979 115.272573
116.3451476 39.98395271 115.3409539
116.3451476 40.02658563 115.4092592
116.3451476 40.06921854 115.4774888
116.3451476 40.11185146 115.545643
116.3451476 40.15448438 115.6137219
116.3451476 40.19711729 115.6817256
116.3451476 40.23975021 115.7496542
116.3451476 40.28238313 115.8175078
116.3451476 40.32501604 115.8852867
116.3451476 40.36764896 115.9529908
116.3451476 40.41028188 116.0206204
116.3451476 40.45291479 116.0881755
116.3451476 40.49554771 116.1556563
116.3451476 40.53818063 116.2230628
116.3451476 40.58081354 116.2903953
116.3763399 39.60025646 114.7227854
116.3763399 39.64288938 114.7917765
116.3763399 39.68552229 114.8606908
116.3763399 39.72815521 114.9295286
116.3763399 39.77078813 114.9982899
116.3763399 39.81342104 115.0669748
116.3763399 39.85605396 115.1355836
116.3763399 39.89868688 115.2041163
116.3763399 39.94131979 115.272573
116.3763399 39.98395271 115.3409539
116.3763399 40.02658563 115.4092592
116.3763399 40.06921854 115.4774888
116.3763399 40.11185146 115.545643
116.3763399 40.15448438 115.6137219
116.3763399 40.19711729 115.6817256
116.3763399 40.23975021 115.7496542
116.3763399 40.28238313 115.8175078
116.3763399 40.32501604 115.8852867
116.3763399 40.36764896 115.9529908
116.3763399 40.41028188 116.0206204
116.3763399 40.45291479 116.0881755
116.3763399 40.49554771 116.1556563
116.3763399 40.53818063 116.2230628
116.3763399 40.58081354 116.2903953
116.4075321 39.60025646 114.7227854
116.4075321 39.64288938 114.7917765
116.4075321 39.68552229 114.8606908
116.4075321 39.72815521 114.9295286
116.4075321 39.77078813 114.9982899
116.4075321 39.81342104 115.0669748
116.4075321 39.85605396 115.1355836
116.4075321 39.89868688 115.2041163
116.4075321 39.94131979 115.272573
116.4075321 39.98395271 115.3409539
116.4075321 40.02658563 115.4092592
116.4075321 40.06921854 115.4774888
116.4075321 40.11185146 115.545643
116.4075321 40.15448438 115.6137219
116.4075321 40.19711729 115.6817256
116.4075321 40.23975021 115.7496542
116.4075321 40.28238313 115.8175078
116.4075321 40.32501604 115.8852867
116.4075321 40.36764896 115.9529908
116.4075321 40.41028188 116.0206204
116.4075321 40.45291479 116.0881755
116.4075321 40.49554771 116.1556563
116.4075321 40.53818063 116.2230628
116.4075321 40.58081354 116.2903953
116.4387244 39.60025646 114.7227854
116.4387244 39.64288938 114.7917765
116.4387244 39.68552229 114.8606908
116.4387244 39.72815521 114.9295286
116.4387244 39.77078813 114.9982899
116.4387244 39.81342104 115.0669748
116.4387244 39.85605396 115.1355836
116.4387244 39.89868688 115.2041163
116.4387244 39.94131979 115.272573
116.4387244 39.98395271 115.3409539
116.4387244 40.02658563 115.4092592
116.4387244 40.06921854 115.4774888
116.4387244 40.11185146 115.545643
116.4387244 40.15448438 115.6137219
116.4387244 40.19711729 115.6817256
116.4387244 40.23975021 115.7496542
116.4387244 40.28238313 115.8175078
116.4387244 40.32501604 115.8852867
116.4387244 40.36764896 115.9529908
116.4387244 40.41028188 116.0206204
116.4387244 40.45291479 116.0881755
116.4387244 40.49554771 116.1556563
116.4387244 40.53818063 116.2230628
116.4387244 40.58081354 116.2903953
116.4699166 39.60025646 114.7227854
116.4699166 39.64288938 114.7917765
116.4699166 39.68552229 114.8606908
116.4699166 39.72815521 114.9295286
116.4699166 39.77078813 114.9982899
116.4699166 39.81342104 115.0669748
116.4699166 39.85605396 115.1355836
116.4699166 39.89868688 115.2041163
116.4699166 39.94131979 115.272573
116.4699166 39.98395271 115.3409539
116.4699166 40.02658563 115.4092592
116.4699166 40.06921854 115.4774888
116.4699166 40.11185146 115.545643
116.4699166 40.15448438 115.6137219
116.4699166 40.19711729 115.6817256
116.4699166 40.23975021 115.7496542
116.4699166 40.28238313 115.8175078
116.4699166 40.32501604 115.8852867
116.4699166 40.36764896 115.9529908
116.4699166 40.41028188 116.0206204
116.4699166 40.45291479 116.0881755
116.4699166 40.49554771 116.1556563
116.4699166 40.53818063 116.2230628
116.4699166 40.58081354 116.2903953
116.5011089 39.60025646 114.7227854
116.5011089 39.64288938 114.7917765
116.5011089 39.68552229 114.8606908
116.5011089 39.72815521 114.9295286
116.5011089 39.77078813 114.9982899
116.5011089 39.81342104 115.0669748
116.5011089 39.85605396 115.1355836
116.5011089 39.89868688 115.2041163
116.5011089 39.94131979 115.272573
116.5011089 39.98395271 115.3409539
116.5011089 40.02658563 115.4092592
116.5011089 40.06921854 115.4774888
116.5011089 40.11185146 115.545643
116.5011089 40.15448438 115.6137219
116.5011089 40.19711729 115.6817256
116.5011089 40.23975021 115.7496542
116.5011089 40.28238313 115.8175078
116.5011089 40.32501604 115.8852867
116.5011089 40.36764896 115.9529908
116.5011089 40.41028188 116.0206204
116.5011089 40.45291479 116.0881755
116.5011089 40.49554771 116.1556563
116.5011089 40.53818063 116.2230628
116.5011089 40.58081354 116.2903953
116.5323011 39.60025646 114.7227854
116.5323011 39.64288938 114.7917765
116.5323011 39.68552229 114.8606908
116.5323011 39.72815521 114.9295286
116.5323011 39.77078813 114.9982899
116.5323011 39.81342104 115.0669748
116.5323011 39.85605396 115.1355836
116.5323011 39.89868688 115.2041163
116.5323011 39.94131979 115.272573
116.5323011 39.98395271 115.3409539
116.5323011 40.02658563 115.4092592
116.5323011 40.06921854 115.4774888
116.5323011 40.11185146 115.545643
116.5323011 40.15448438 115.6137219
116.5323011 40.19711729 115.6817256
116.5323011 40.23975021 115.7496542
116.5323011 40.28238313 115.8175078
116.5323011 40.32501604 115.8852867
116.5323011 40.36764896 115.9529908
116.5323011 40.41028188 116.0206204
116.5323011 40.45291479 116.0881755
116.5323011 40.49554771 116.1556563
116.5323011 40.53818063 116.2230628
116.5323011 40.58081354 116.2903953
116.5634934 39.60025646 114.7227854
116.5634934 39.64288938 114.7917765
116.5634934 39.68552229 114.8606908
116.5634934 39.72815521 114.9295286
116.5634934 39.77078813 114.9982899
116.5634934 39.81342104 115.0669748
116.5634934 39.85605396 115.1355836
116.5634934 39.89868688 115.2041163
116.5634934 39.94131979 115.272573
116.5634934 39.98395271 115.3409539
116.5634934 40.02658563 115.4092592
116.5634934 40.06921854 115.4774888
116.5634934 40.11185146 115.545643
116.5634934 40.15448438 115.6137219
116.5634934 40.19711729 115.6817256
116.5634934 40.23975021 115.7496542
116.5634934 40.28238313 115.8175078
116.5634934 40.32501604 115.8852867
116.5634934 40.36764896 115.9529908
116.5634934 40.41028188 116.0206204
116.5634934 40.45291479 116.0881755
116.5634934 40.49554771 116.1556563
116.5634934 40.53818063 116.2230628
116.5634934 40.58081354 116.2903953
116.5946856 39.60025646 114.7227854
116.5946856 39.64288938 114.7917765
116.5946856 39.68552229 114.8606908
116.5946856 39.72815521 114.9295286
116.5946856 39.77078813 114.9982899
116.5946856 39.81342104 115.0669748
116.5946856 39.85605396 115.1355836
116.5946856 39.89868688 115.2041163
116.5946856 39.94131979 115.272573
116.5946856 39.98395271 115.3409539
116.5946856 40.02658563 115.4092592
116.5946856 40.06921854 115.4774888
116.5946856 40.11185146 115.545643
116.5946856 40.15448438 115.6137219
116.5946856 40.19711729 115.6817256
116.5946856 40.23975021 115.7496542
116.5946856 40.28238313 115.8175078
116.5946856 40.32501604 115.8852867
116.5946856 40.36764896 115.9529908
116.5946856 40.41028188 116.0206204
116.5946856 40.45291479 116.0881755
116.5946856 40.49554771 116.1556563
116.5946856 40.53818063 116.2230628
116.5946856 40.58081354 116.2903953
116.6258779 39.60025646 114.7227854
116.6258779 39.64288938 114.7917765
116.6258779 39.68552229 114.8606908
116.6258779 39.72815521 114.9295286
116.6258779 39.77078813 114.9982899
116.6258779 39.81342104 115.0669748
116.6258779 39.85605396 115.1355836
116.6258779 39.89868688 115.2041163
116.6258779 39.94131979 115.272573
116.6258779 39.98395271 115.3409539
116.6258779 40.02658563 115.4092592
116.6258779 40.06921854 115.4774888
116.6258779 40.11185146 115.545643
116.6258779 40.15448438 115.6137219
116.6258779 40.19711729 115.6817256
116.6258779 40.23975021 115.7496542
116.6258779 40.28238313 115.8175078
116.6258779 40.32501604 115.8852867
116.6258779 40.36764896 115.9529908
116.6258779 40.41028188 116.0206204
116.6258779 40.45291479 116.0881755
116.6258779 40.49554771 116.1556563
116.6258779 40.53818063 116.2230628
116.6258779 40.58081354 116.2903953
116.6570701 39.60025646 114.7227854
116.6570701 39.64288938 114.7917765
116.6570701 39.68552229 114.8606908
116.6570701 39.72815521 114.9295286
116.6570701 39.77078813 114.9982899
116.6570701 39.81342104 115.0669748
116.6570701 39.85605396 115.1355836
116.6570701 39.89868688 115.2041163
116.6570701 39.94131979 115.272573
116.6570701 39.98395271 115.3409539
116.6570701 40.02658563 115.4092592
116.6570701 40.06921854 115.4774888
116.6570701 40.11185146 115.545643
116.6570701 40.15448438 115.6137219
116.6570701 40.19711729 115.6817256
116.6570701 40.23975021 115.7496542
116.6570701 40.28238313 115.8175078
116.6570701 40.32501604 115.8852867
116.6570701 40.36764896 115.9529908
116.6570701 40.41028188 116.0206204
116.6570701 40.45291479 116.0881755
116.6570701 40.49554771 116.1556563
116.6570701 40.53818063 116.2230628
116.6570701 40.58081354 116.2903953
116.6882624 39.60025646 114.7227854
116.6882624 39.64288938 114.7917765
116.6882624 39.68552229 114.8606908
116.6882624 39.72815521 114.9295286
116.6882624 39.77078813 114.9982899
116.6882624 39.81342104 115.0669748
116.6882624 39.85605396 115.1355836
116.6882624 39.89868688 115.2041163
116.6882624 39.94131979 115.272573
116.6882624 39.98395271 115.3409539
116.6882624 40.02658563 115.4092592
116.6882624 40.06921854 115.4774888
116.6882624 40.11185146 115.545643
116.6882624 40.15448438 115.6137219
116.6882624 40.19711729 115.6817256
116.6882624 40.23975021 115.7496542
116.6882624 40.28238313 115.8175078
116.6882624 40.32501604 115.8852867
116.6882624 40.36764896 115.9529908
116.6882624 40.41028188 116.0206204
116.6882624 40.45291479 116.0881755
116.6882624 40.49554771 116.1556563
116.6882624 40.53818063 116.2230628
116.6882624 40.58081354 116.2903953
116.7194546 39.60025646 114.7227854
116.7194546 39.64288938 114.7917765
116.7194546 39.68552229 114.8606908
116.7194546 39.72815521 114.9295286
116.7194546 39.77078813 114.9982899
116.7194546 39.81342104 115.0669748
116.7194546 39.85605396 115.1355836
116.7194546 39.89868688 115.2041163
116.7194546 39.94131979 115.272573
116.7194546 39.98395271 115.3409539
116.7194546 40.02658563 115.4092592
116.7194546 40.06921854 115.4774888
116.7194546 40.11185146 115.545643
116.7194546 40.15448438 115.6137219
116.7194546 40.19711729 115.6817256
116.7194546 40.23975021 115.7496542
116.7194546 40.28238313 115.8175078
116.7194546 40.32501604 115.8852867
116.7194546 40.36764896 115.9529908
116.7194546 40.41028188 116.0206204
116.7194546 40.45291479 116.0881755
116.7194546 40.49554771 116.1556563
116.7194546 40.53818063 116.2230628
116.7194546 40.58081354 116.2903953
116.7506469 39.60025646 114.7227854
116.7506469 39.64288938 114.7917765
116.7506469 39.68552229 114.8606908
116.7506469 39.72815521 114.9295286
116.7506469 39.77078813 114.9982899
116.7506469 39.81342104 115.0669748
116.7506469 39.85605396 115.1355836
116.7506469 39.89868688 115.2041163
116.7506469 39.94131979 115.272573
116.7506469 39.98395271 115.3409539
116.7506469 40.02658563 115.4092592
116.7506469 40.06921854 115.4774888
116.7506469 40.11185146 115.545643
116.7506469 40.15448438 115.6137219
116.7506469 40.19711729 115.6817256
116.7506469 40.23975021 115.7496542
116.7506469 40.28238313 115.8175078
116.7506469 40.32501604 115.8852867
116.7506469 40.36764896 115.9529908
116.7506469 40.41028188 116.0206204
116.7506469 40.45291479 116.0881755
116.7506469 40.49554771 116.1556563
116.7506469 40.53818063 116.2230628
116.7506469 40.58081354 116.2903953
116.7818391 39.60025646 114.7227854
116.7818391 39.64288938 114.7917765
116.7818391 39.68552229 114.8606908
116.7818391 39.72815521 114.9295286
116.7818391 39.77078813 114.9982899
116.7818391 39.81342104 115.0669748
116.7818391 39.85605396 115.1355836
116.7818391 39.89868688 115.2041163
116.7818391 39.94131979 115.272573
116.7818391 39.98395271 115.3409539
116.7818391 40.02658563 115.4092592
116.7818391 40.06921854 115.4774888
116.7818391 40.11185146 115.545643
116.7818391 40.15448438 115.6137219
116.7818391 40.19711729 115.6817256
116.7818391 40.23975021 115.7496542
116.7818391 40.28238313 115.8175078
116.7818391 40.32501604 115.8852867
116.7818391 40.36764896 115.9529908
116.7818391 40.41028188 116.0206204
116.7818391 40.45291479 116.0881755
116.7818391 40.49554771 116.1556563
116.7818391 40.53818063 116.2230628
116.7818391 40.58081354 116.2903953
116.8130314 39.60025646 114.7227854
116.8130314 39.64288938 114.7917765
116.8130314 39.68552229 114.8606908
116.8130314 39.72815521 114.9295286
116.8130314 39.77078813 114.9982899
116.8130314 39.81342104 115.0669748
116.8130314 39.85605396 115.1355836
116.8130314 39.89868688 115.2041163
116.8130314 39.94131979 115.272573
116.8130314 39.98395271 115.3409539
116.8130314 40.02658563 115.4092592
116.8130314 40.06921854 115.4774888
116.8130314 40.11185146 115.545643
116.8130314 40.15448438 115.6137219
116.8130314 40.19711729 115.6817256
116.8130314 40.23975021 115.7496542
116.8130314 40.28238313 115.8175078
116.8130314 40.32501604 115.8852867
116.8130314 40.36764896 115.9529908
116.8130314 40.41028188 116.0206204
116.8130314 40.45291479 116.0881755
116.8130314 40.49554771 116.1556563
116.8130314 40.53818063 116.2230628
116.8130314 40.58081354 116.2903953
116.8442236 39.60025646 114.7227854
116.8442236 39.64288938 114.7917765
116.8442236 39.68552229 114.8606908
116.8442236 39.72815521 114.9295286
116.8442236 39.77078813 114.9982899
116.8442236 39.81342104 115.0669748
116.8442236 39.85605396 115.1355836
116.8442236 39.89868688 115.2041163
116.8442236 39.94131979 115.272573
116.8442236 39.98395271 115.3409539
116.8442236 40.02658563 115.4092592
116.8442236 40.06921854 115.4774888
116.8442236 40.11185146 115.545643
116.8442236 40.15448438 115.6137219
116.8442236 40.19711729 115.6817256
116.8442236 40.23975021 115.7496542
116.8442236 40.28238313 115.8175078
116.8442236 40.32501604 115.8852867
116.8442236 40.36764896 115.9529908
116.8442236 40.41028188 116.0206204
116.8442236 40.45291479 116.0881755
116.8442236 40.49554771 116.1556563
116.8442236 40.53818063 116.2230628
116.8442236 40.58081354 116.2903953
116.8754159 39.60025646 114.7227854
116.8754159 39.64288938 114.7917765
116.8754159 39.68552229 114.8606908
116.8754159 39.72815521 114.9295286
116.8754159 39.77078813 114.9982899
116.8754159 39.81342104 115.0669748
116.8754159 39.85605396 115.1355836
116.8754159 39.89868688 115.2041163
116.8754159 39.94131979 115.272573
116.8754159 39.98395271 115.3409539
116.8754159 40.02658563 115.4092592
116.8754159 40.06921854 115.4774888
116.8754159 40.11185146 115.545643
116.8754159 40.15448438 115.6137219
116.8754159 40.19711729 115.6817256
116.8754159 40.23975021 115.7496542
116.8754159 40.28238313 115.8175078
116.8754159 40.32501604 115.8852867
116.8754159 40.36764896 115.9529908
116.8754159 40.41028188 116.0206204
116.8754159 40.45291479 116.0881755
116.8754159 40.49554771 116.1556563
116.8754159 40.53818063 116.2230628
116.8754159 40.58081354 116.2903953
116.9066081 39.60025646 114.7227854
116.9066081 39.64288938 114.7917765
116.9066081 39.68552229 114.8606908
116.9066081 39.72815521 114.9295286
116.9066081 39.77078813 114.9982899
116.9066081 39.81342104 115.0669748
116.9066081 39.85605396 115.1355836
116.9066081 39.89868688 115.2041163
116.9066081 39.94131979 115.272573
116.9066081 39.98395271 115.3409539
116.9066081 40.02658563 115.4092592
116.9066081 40.06921854 115.4774888
116.9066081 40.11185146 115.545643
116.9066081 40.15448438 115.6137219
116.9066081 40.19711729 115.6817256
116.9066081 40.23975021 115.7496542
116.9066081 40.28238313 115.8175078
116.9066081 40.32501604 115.8852867
116.9066081 40.36764896 115.9529908
116.9066081 40.41028188 116.0206204
116.9066081 40.45291479 116.0881755
116.9066081 40.49554771 116.1556563
116.9066081 40.53818063 116.2230628
116.9066081 40.58081354 116.2903953
116.9378004 39.60025646 114.7227854
116.9378004 39.64288938 114.7917765
116.9378004 39.68552229 114.8606908
116.9378004 39.72815521 114.9295286
116.9378004 39.77078813 114.9982899
116.9378004 39.81342104 115.0669748
116.9378004 39.85605396 115.1355836
116.9378004 39.89868688 115.2041163
116.9378004 39.94131979 115.272573
116.9378004 39.98395271 115.3409539
116.9378004 40.02658563 115.4092592
116.9378004 40.06921854 115.4774888
116.9378004 40.11185146 115.545643
116.9378004 40.15448438 115.6137219
116.9378004 40.19711729 115.6817256
116.9378004 40.23975021 115.7496542
116.9378004 40.28238313 115.8175078
116.9378004 40.32501604 115.8852867
116.9378004 40.36764896 115.9529908
116.9378004 40.41028188 116.0206204
116.9378004 40.45291479 116.0881755
116.9378004 40.49554771 116.1556563
116.9378004 40.53818063 116.2230628
116.9378004 40.58081354 116.2903953
116.9689926 39.60025646 114.7227854
116.9689926 39.64288938 114.7917765
116.9689926 39.68552229 114.8606908
116.9689926 39.72815521 114.9295286
116.9689926 39.77078813 114.9982899
116.9689926 39.81342104 115.0669748
116.9689926 39.85605396 115.1355836
116.9689926 39.89868688 115.2041163
116.9689926 39.94131979 115.272573
116.9689926 39.98395271 115.3409539
116.9689926 40.02658563 115.4092592
116.9689926 40.06921854 115.4774888
116.9689926 40.11185146 115.545643
116.9689926 40.15448438 115.6137219
116.9689926 40.19711729 115.6817256
116.9689926 40.23975021 115.7496542
116.9689926 40.28238313 115.8175078
116.9689926 40.32501604 115.8852867
116.9689926 40.36764896 115.9529908
116.9689926 40.41028188 116.0206204
116.9689926 40.45291479 116.0881755
116.9689926 40.49554771 116.1556563
116.9689926 40.53818063 116.2230628
116.9689926 40.58081354 116.2903953
117.0001849 39.60025646 114.7227854
117.0001849 39.64288938 114.7917765
117.0001849 39.68552229 114.8606908
117.0001849 39.72815521 114.9295286
117.0001849 39.77078813 114.9982899
117.0001849 39.81342104 115.0669748
117.0001849 39.85605396 115.1355836
117.0001849 39.89868688 115.2041163
117.0001849 39.94131979 115.272573
117.0001849 39.98395271 115.3409539
117.0001849 40.02658563 115.4092592
117.0001849 40.06921854 115.4774888
117.0001849 40.11185146 115.545643
117.0001849 40.15448438 115.6137219
117.0001849 40.19711729 115.6817256
117.0001849 40.23975021 115.7496542
117.0001849 40.28238313 115.8175078
117.0001849 40.32501604 115.8852867
117.0001849 40.36764896 115.9529908
117.0001849 40.41028188 116.0206204
117.0001849 40.45291479 116.0881755
117.0001849 40.49554771 116.1556563
117.0001849 40.53818063 116.2230628
117.0001849 40.58081354 116.2903953
117.0313771 39.60025646 114.7227854
117.0313771 39.64288938 114.7917765
117.0313771 39.68552229 114.8606908
117.0313771 39.72815521 114.9295286
117.0313771 39.77078813 114.9982899
117.0313771 39.81342104 115.0669748
117.0313771 39.85605396 115.1355836
117.0313771 39.89868688 115.2041163
117.0313771 39.94131979 115.272573
117.0313771 39.98395271 115.3409539
117.0313771 40.02658563 115.4092592
117.0313771 40.06921854 115.4774888
117.0313771 40.11185146 115.545643
117.0313771 40.15448438 115.6137219
117.0313771 40.19711729 115.6817256
117.0313771 40.23975021 115.7496542
117.0313771 40.28238313 115.8175078
117.0313771 40.32501604 115.8852867
117.0313771 40.36764896 115.9529908
117.0313771 40.41028188 116.0206204
117.0313771 40.45291479 116.0881755
117.0313771 40.49554771 116.1556563
117.0313771 40.53818063 116.2230628
117.0313771 40.58081354 116.2903953
117.0625694 39.60025646 114.7227854
117.0625694 39.64288938 114.7917765
117.0625694 39.68552229 114.8606908
117.0625694 39.72815521 114.9295286
117.0625694 39.77078813 114.9982899
117.0625694 39.81342104 115.0669748
117.0625694 39.85605396 115.1355836
117.0625694 39.89868688 115.2041163
117.0625694 39.94131979 115.272573
117.0625694 39.98395271 115.3409539
117.0625694 40.02658563 115.4092592
117.0625694 40.06921854 115.4774888
117.0625694 40.11185146 115.545643
117.0625694 40.15448438 115.6137219
117.0625694 40.19711729 115.6817256
117.0625694 40.23975021 115.7496542
117.0625694 40.28238313 115.8175078
117.0625694 40.32501604 115.8852867
117.0625694 40.36764896 115.9529908
117.0625694 40.41028188 116.0206204
117.0625694 40.45291479 116.0881755
117.0625694 40.49554771 116.1556563
117.0625694 40.53818063 116.2230628
117.0625694 40.58081354 116.2903953
117.0937616 39.60025646 114.7227854
117.0937616 39.64288938 114.7917765
117.0937616 39.68552229 114.8606908
117.0937616 39.72815521 114.9295286
117.0937616 39.77078813 114.9982899
117.0937616 39.81342104 115.0669748
117.0937616 39.85605396 115.1355836
117.0937616 39.89868688 115.2041163
117.0937616 39.94131979 115.272573
117.0937616 39.98395271 115.3409539
117.0937616 40.02658563 115.4092592
117.0937616 40.06921854 115.4774888
117.0937616 40.11185146 115.545643
117.0937616 40.15448438 115.6137219
117.0937616 40.19711729 115.6817256
117.0937616 40.23975021 115.7496542
117.0937616 40.28238313 115.8175078
117.0937616 40.32501604 115.8852867
117.0937616 40.36764896 115.9529908
117.0937616 40.41028188 116.0206204
117.0937616 40.45291479 116.0881755
117.0937616 40.49554771 116.1556563
117.0937616 40.53818063 116.2230628
117.0937616 40.58081354 116.2903953
117.1249539 39.60025646 114.7227854
117.1249539 39.64288938 114.7917765
117.1249539 39.68552229 114.8606908
117.1249539 39.72815521 114.9295286
117.1249539 39.77078813 114.9982899
117.1249539 39.81342104 115.0669748
117.1249539 39.85605396 115.1355836
117.1249539 39.89868688 115.2041163
117.1249539 39.94131979 115.272573
117.1249539 39.98395271 115.3409539
117.1249539 40.02658563 115.4092592
117.1249539 40.06921854 115.4774888
117.1249539 40.11185146 115.545643
117.1249539 40.15448438 115.6137219
117.1249539 40.19711729 115.6817256
117.1249539 40.23975021 115.7496542
117.1249539 40.28238313 115.8175078
117.1249539 40.32501604 115.8852867
117.1249539 40.36764896 115.9529908
117.1249539 40.41028188 116.0206204
117.1249539 40.45291479 116.0881755
117.1249539 40.49554771 116.1556563
117.1249539 40.53818063 116.2230628
117.1249539 40.58081354 116.2903953
